16384
-3.88578
-3.88604
-3.88682
-3.88808
-3.88978
-3.89187
-3.89426
-3.89686
-3.8996
-3.90236
-3.90506
-3.90759
-3.90987
-3.91182
-3.91337
-3.91448
-3.91511
-3.91523
-3.91487
-3.91402
-3.91274
-3.91107
-3.90909
-3.90686
-3.90447
-3.90201
-3.89957
-3.89723
-3.89507
-3.89316
-3.89156
-3.89031
-3.88943
-3.88895
-3.88884
-3.88909
-3.88965
-3.89047
-3.89149
-3.89262
-3.89378
-3.89488
-3.89585
-3.89659
-3.89703
-3.89712
-3.89678
-3.896
-3.89475
-3.89303
-3.89086
-3.88827
-3.88531
-3.88206
-3.87858
-3.87497
-3.87133
-3.86774
-3.86432
-3.86114
-3.85829
-3.85586
-3.85389
-3.85243
-3.8515
-3.85113
-3.85128
-3.85193
-3.85304
-3.85454
-3.85635
-3.85838
-3.86054
-3.86273
-3.86484
-3.86678
-3.86846
-3.86979
-3.87072
-3.87119
-3.87116
-3.87061
-3.86955
-3.86801
-3.86601
-3.86361
-3.86089
-3.85791
-3.85476
-3.85153
-3.84832
-3.84521
-3.84227
-3.83959
-3.83721
-3.83518
-3.83353
-3.83227
-3.83138
-3.83085
-3.83062
-3.83066
-3.83087
-3.83119
-3.83152
-3.83179
-3.8319
-3.83177
-3.83132
-3.83049
-3.82922
-3.82748
-3.82525
-3.82253
-3.81935
-3.81573
-3.81174
-3.80744
-3.80292
-3.79828
-3.7936
-3.789
-3.78457
-3.78041
-3.77662
-3.77326
-3.77039
-3.76807
-3.76632
-3.76515
-3.76453
-3.76445
-3.76484
-3.76564
-3.76677
-3.76813
-3.76961
-3.77112
-3.77254
-3.77378
-3.77473
-3.7753
-3.77544
-3.77507
-3.77417
-3.77271
-3.7707
-3.76815
-3.76512
-3.76165
-3.75782
-3.7537
-3.7494
-3.74501
-3.74062
-3.73633
-3.73222
-3.72838
-3.72486
-3.72171
-3.71896
-3.71663
-3.7147
-3.71315
-3.71195
-3.71102
-3.71029
-3.70969
-3.70912
-3.70849
-3.7077
-3.70666
-3.7053
-3.70353
-3.7013
-3.69858
-3.69533
-3.69157
-3.6873
-3.68257
-3.67744
-3.67197
-3.66626
-3.6604
-3.65451
-3.64868
-3.64303
-3.63767
-3.63268
-3.62816
-3.62417
-3.62076
-3.61796
-3.61578
-3.61421
-3.61322
-3.61274
-3.61272
-3.61306
-3.61367
-3.61442
-3.61522
-3.61594
-3.61647
-3.6167
-3.61655
-3.61593
-3.61477
-3.61305
-3.61072
-3.6078
-3.6043
-3.60026
-3.59574
-3.59082
-3.58558
-3.58013
-3.57455
-3.56896
-3.56346
-3.55814
-3.55309
-3.54837
-3.54403
-3.54012
-3.53664
-3.53359
-3.53095
-3.52866
-3.52667
-3.52491
-3.52327
-3.52166
-3.51999
-3.51815
-3.51604
-3.51358
-3.51068
-3.50728
-3.50335
-3.49885
-3.49379
-3.48818
-3.48208
-3.47553
-3.46863
-3.46146
-3.45414
-3.44679
-3.43952
-3.43246
-3.42572
-3.41941
-3.41361
-3.40842
-3.40387
-3.40001
-3.39685
-3.39437
-3.39253
-3.39128
-3.39053
-3.39019
-3.39014
-3.39026
-3.39042
-3.39048
-3.39033
-3.38983
-3.38888
-3.3874
-3.3853
-3.38254
-3.37909
-3.37495
-3.37014
-3.36471
-3.35873
-3.35228
-3.34546
-3.33839
-3.33119
-3.32397
-3.31686
-3.30997
-3.3034
-3.29722
-3.2915
-3.2863
-3.28162
-3.27746
-3.27379
-3.27057
-3.26772
-3.26516
-3.26277
-3.26045
-3.25807
-3.25552
-3.25267
-3.24942
-3.24567
-3.24133
-3.23636
-3.23072
-3.2244
-3.21741
-3.20979
-3.20162
-3.19297
-3.18395
-3.17468
-3.1653
-3.15593
-3.14672
-3.1378
-3.12927
-3.12126
-3.11383
-3.10707
-3.101
-3.09564
-3.09097
-3.08694
-3.0835
-3.08055
-3.07799
-3.07568
-3.07349
-3.07128
-3.06891
-3.06626
-3.0632
-3.05962
-3.05545
-3.05064
-3.04515
-3.03899
-3.0322
-3.02484
-3.01701
-3.00882
-3.00042
-2.99197
-2.98363
-2.97559
-2.96802
-2.96109
-2.95497
-2.94979
-2.9457
-2.94278
-2.94114
-2.94082
-2.94187
-2.94432
-2.94819
-2.95347
-2.9602
-2.96839
-2.9781
-2.9894
-3.00244
-3.01739
-3.0345
-3.0541
-3.07659
-3.10247
-3.13234
-3.16686
-3.20683
-3.25312
-3.30669
-3.36859
-3.43994
-3.52193
-3.61583
-3.72293
-3.84457
-3.98214
-4.13704
-4.31067
-4.50446
-4.71984
-4.95824
-5.22106
-5.50972
-5.82561
-6.17013
-6.54466
-6.95057
-7.38924
-7.86202
-8.3703
-8.91546
-9.49891
-10.1221
-10.7864
-11.4934
-12.2446
-13.0416
-13.8862
-14.7801
-15.7252
-16.7235
-17.7773
-18.8889
-20.0609
-21.2961
-22.5977
-23.9694
-25.415
-26.9392
-28.5474
-30.2457
-32.0415
-33.9439
-35.9637
-38.1148
-40.4151
-42.8885
-45.568
-48.5015
-51.7638
-55.4807
-59.8935
-65.5702
-74.5559
-88.2288
-74.9558
-71.8531
-70.8308
-70.7816
-71.3229
-72.2752
-73.5391
-75.0515
-76.7682
-78.6548
-80.6823
-82.8254
-85.0623
-87.3772
-89.7642
-92.2337
-94.8219
-97.604
-100.721
-104.449
-109.427
-118.032
-127.032
-115.088
-111.309
-109.503
-108.691
-108.543
-108.917
-109.751
-111.031
-112.776
-115.043
-117.941
-121.681
-126.71
-134.266
-153.33
-144.476
-144.065
-168.347
-140.201
-133.044
-129.035
-126.476
-124.819
-123.815
-123.331
-123.297
-123.679
-124.473
-125.709
-127.464
-129.905
-133.423
-139.204
-157.437
-142.897
-136.894
-134.026
-132.444
-131.632
-131.382
-131.611
-132.3
-133.489
-135.294
-137.976
-142.223
-150.949
-154.826
-144.513
-140.586
-138.526
-137.485
-137.17
-137.463
-138.339
-139.832
-142.052
-145.23
-149.891
-157.631
-300
-164.192
-166.04
-170.264
-155.553
-149.411
-145.677
-143.295
-141.9
-141.37
-141.744
-143.272
-146.774
-156.756
-152.63
-143.734
-139.392
-136.69
-134.943
-133.889
-133.417
-133.491
-134.132
-135.429
-137.593
-141.148
-147.948
-163.406
-146.226
-141.653
-139.528
-138.717
-138.915
-140.118
-142.602
-147.355
-161.04
-152.541
-145.973
-143.434
-142.875
-144.171
-148.647
-173.781
-145.528
-138.991
-135.088
-132.417
-130.523
-129.201
-128.342
-127.887
-127.804
-128.078
-128.715
-129.734
-131.183
-133.145
-135.784
-139.453
-145.152
-159.1
-152.221
-145.903
-143.445
-142.588
-142.902
-144.592
-149.062
-177.435
-145.468
-138.164
-133.353
-129.641
-126.602
-124.062
-121.943
-120.216
-118.886
-117.989
-117.607
-117.904
-119.257
-122.765
-136.514
-123.387
-115.016
-110.023
-106.368
-103.487
-101.144
-99.2252
-97.6686
-96.4457
-95.5509
-95.0015
-94.8431
-95.1688
-96.167
-98.2721
-102.86
-129.079
-101.449
-94.274
-89.8219
-86.512
-83.8594
-81.6494
-79.7675
-78.1456
-76.7396
-75.5196
-74.4645
-73.5591
-72.7924
-72.1564
-71.6457
-71.2567
-70.9881
-70.84
-70.8148
-70.9169
-71.154
-71.5369
-72.0821
-72.8136
-73.7675
-75.0006
-76.6075
-78.7619
-81.8367
-86.9009
-101.32
-90.9686
-83.7529
-79.9312
-77.3646
-75.471
-74.0061
-72.8437
-71.91
-71.1586
-70.5582
-70.0871
-69.7301
-69.4762
-69.3176
-69.2492
-69.2679
-69.3725
-69.5636
-69.8437
-70.2174
-70.6917
-71.2768
-71.9871
-72.8431
-73.8745
-75.1262
-76.669
-78.6243
-81.2266
-85.028
-91.9925
-105.031
-88.9031
-83.6885
-80.5476
-78.3378
-76.6678
-75.3564
-74.3046
-73.4531
-72.7632
-72.2088
-71.7718
-71.4392
-71.2017
-71.053
-70.9887
-71.0065
-71.1054
-71.2862
-71.5512
-71.9044
-72.3521
-72.903
-73.5692
-74.368
-75.3235
-76.4713
-77.866
-79.5963
-81.8218
-84.8737
-89.6467
-100.964
-96.6732
-88.4751
-84.4498
-81.8168
-79.9005
-78.4296
-77.2673
-76.3356
-75.5857
-74.9856
-74.5133
-74.1533
-73.8946
-73.7297
-73.6535
-73.663
-73.757
-73.936
-74.2021
-74.5595
-75.0146
-75.5765
-76.258
-77.0774
-78.0606
-79.2462
-80.6937
-82.5022
-84.8534
-88.1406
-93.5155
-110.033
-96.7778
-89.9905
-86.3418
-83.887
-82.0774
-80.6795
-79.5723
-78.6851
-77.9734
-77.4076
-76.9673
-76.6382
-76.4103
-76.2768
-76.2333
-76.2774
-76.4088
-76.6288
-76.9407
-77.3501
-77.8651
-78.4974
-79.2638
-80.1878
-81.3046
-82.6674
-84.3637
-86.5495
-89.5472
-94.2178
-105.005
-101.873
-93.3726
-89.2665
-86.5907
-84.6459
-83.1534
-81.9741
-81.0285
-80.2673
-79.6579
-79.1783
-78.8129
-78.5506
-78.384
-78.3081
-78.3199
-78.4185
-78.6049
-78.8815
-79.2532
-79.7273
-80.3142
-81.0287
-81.8918
-82.9342
-84.202
-85.7687
-87.7611
-90.4269
-94.361
-101.79
-111.088
-97.3729
-92.4022
-89.3603
-87.2086
-85.5804
-84.3031
-83.2821
-82.4599
-81.7995
-81.2757
-80.8712
-80.5735
-80.3743
-80.2677
-80.2505
-80.3211
-80.4799
-80.7294
-81.0738
-81.5201
-82.0782
-82.7625
-83.5931
-84.5995
-85.8261
-87.3431
-89.2705
-91.8397
-95.593
-102.438
-116.531
-99.6329
-94.3423
-91.1641
-88.9282
-87.2374
-85.9081
-84.8406
-83.9748
-83.2719
-82.7058
-82.2581
-81.9157
-81.6695
-81.5129
-81.4416
-81.4532
-81.5468
-81.7233
-81.985
-82.3362
-82.7832
-83.3351
-84.0046
-84.8096
-85.7756
-86.9402
-88.3612
-90.1343
-92.4336
-95.6304
-100.782
-115.03
-105.211
-98.0116
-94.2385
-91.7194
-89.8682
-88.4398
-87.3083
-86.4009
-85.6719
-85.0907
-84.6367
-84.2952
-84.0561
-83.9124
-83.8595
-83.8951
-84.0189
-84.2322
-84.5385
-84.9436
-85.4558
-86.0875
-86.8561
-87.7866
-88.916
-90.3015
-92.0375
-94.2954
-97.4398
-102.5
-116.145
-107.266
-99.9005
-96.0636
-93.5011
-91.6139
-90.1529
-88.9905
-88.0531
-87.2942
-86.683
-86.1983
-85.8254
-85.5535
-85.3753
-85.2859
-85.2824
-85.3637
-85.5304
-85.7848
-86.1312
-86.5762
-87.1293
-87.8039
-88.619
-89.6018
-90.7929
-92.2555
-94.0959
-96.5123
-99.9455
-105.765
-132.067
-106.769
-100.619
-97.1519
-94.7761
-93.0061
-91.629
-90.5321
-89.6493
-88.9382
-88.3707
-87.9273
-87.5944
-87.3625
-87.2251
-87.178
-87.2194
-87.3492
-87.5691
-87.883
-88.2971
-88.8207
-89.467
-90.2548
-91.2113
-92.3771
-93.8158
-95.6342
-98.0324
-101.457
-107.303
-136.132
-108.014
-101.897
-98.4199
-96.0229
-94.2266
-92.8199
-91.6909
-90.7736
-90.0256
-89.4185
-88.9328
-88.5542
-88.2728
-88.0814
-87.9751
-87.9509
-88.0075
-88.1449
-88.3649
-88.6708
-89.0677
-89.5633
-90.1682
-90.8973
-91.7715
-92.8212
-94.0918
-95.6551
-97.6347
-100.27
-104.127
-111.256
-122.892
-107.728
-102.61
-99.5146
-97.3356
-95.6913
-94.4035
-93.375
-92.5474
-91.8826
-91.3552
-90.9475
-90.6468
-90.4445
-90.3347
-90.3139
-90.3803
-90.5342
-90.7777
-91.1148
-91.552
-92.0988
-92.7687
-93.5808
-94.5629
-95.7562
-97.2255
-99.0802
-101.526
-105.024
-111.051
-300
-111.151
-105.225
-101.827
-99.4821
-97.7279
-96.359
-95.2662
-94.3847
-93.673
-93.1036
-92.6573
-92.3205
-92.0839
-91.9409
-91.8875
-91.9216
-92.043
-92.2533
-92.5561
-92.9572
-93.4655
-94.0935
-94.8587
-95.7869
-96.9159
-98.3042
-100.049
-102.329
-105.525
-110.743
-126.007
-114.473
-107.444
-103.687
-101.153
-99.2737
-97.811
-96.6411
-95.692
-94.9184
-94.2899
-93.7857
-93.3907
-93.0945
-92.8893
-92.77
-92.7332
-92.7774
-92.9022
-93.1092
-93.4014
-93.7835
-94.2628
-94.8494
-95.5571
-96.4059
-97.4241
-98.6538
-100.161
-102.058
-104.556
-108.134
-114.352
-142.571
-113.843
-108.097
-104.774
-102.477
-100.759
-99.4216
-98.3567
-97.5012
-96.8144
-96.2691
-95.8465
-95.5334
-95.3206
-95.2018
-95.1731
-95.2328
-95.3809
-95.6195
-95.9525
-96.3866
-96.9311
-97.5998
-98.4121
-99.3962
-100.594
-102.073
-103.944
-106.421
-109.989
-116.241
-141.64
-115.44
-109.721
-106.39
-104.075
-102.336
-100.974
-99.8849
-99.0036
-98.2901
-97.717
-97.2655
-96.9221
-96.6772
-96.5245
-96.4594
-96.4799
-96.5851
-96.7762
-97.0561
-97.4297
-97.9045
-98.4909
-99.2039
-100.065
-101.104
-102.368
-103.931
-105.92
-108.585
-112.524
-119.991
-128.973
-115.43
-110.471
-107.429
-105.273
-103.64
-102.356
-101.329
-100.501
-99.8346
-99.3052
-98.8952
-98.5926
-98.3887
-98.2778
-98.2565
-98.3233
-98.4787
-98.725
-99.0667
-99.5108
-100.067
-100.751
-101.583
-102.593
-103.827
-105.359
-107.313
-109.934
-113.81
-121.113
-131.035
-116.89
-111.841
-108.747
-106.551
-104.881
-103.563
-102.502
-101.639
-100.937
-100.371
-99.9225
-99.5788
-99.331
-99.1727
-99.0997
-99.1095
-99.2014
-99.3763
-99.6365
-99.9864
-100.432
-100.984
-101.654
-102.46
-103.43
-104.601
-106.034
-107.829
-110.169
-113.451
-118.846
-135.848
-121.859
-115.118
-111.469
-109.004
-107.181
-105.769
-104.646
-103.744
-103.018
-102.438
-101.985
-101.643
-101.403
-101.259
-101.204
-101.239
-101.361
-101.572
-101.876
-102.279
-102.788
-103.417
-104.182
-105.11
-106.236
-107.618
-109.352
-111.609
-114.756
-119.832
-133.653
-124.46
-117.137
-113.308
-110.748
-108.861
-107.4
-106.238
-105.302
-104.544
-103.936
-103.455
-103.087
-102.821
-102.65
-102.57
-102.578
-102.672
-102.855
-103.128
-103.496
-103.968
-104.554
-105.27
-106.138
-107.19
-108.476
-110.076
-112.127
-114.91
-119.123
-127.73
-130.97
-120.289
-115.726
-112.836
-110.757
-109.168
-107.913
-106.903
-106.087
-105.428
-104.903
-104.496
-104.194
-103.99
-103.878
-103.855
-103.919
-104.07
-104.312
-104.648
-105.085
-105.634
-106.308
-107.128
-108.124
-109.339
-110.846
-112.764
-115.328
-119.085
-125.981
-139.345
-122.937
-117.671
-114.493
-112.251
-110.552
-109.214
-108.138
-107.264
-106.554
-105.982
-105.53
-105.184
-104.937
-104.78
-104.711
-104.727
-104.828
-105.014
-105.289
-105.658
-106.129
-106.712
-107.422
-108.282
-109.325
-110.598
-112.18
-114.207
-116.951
-121.087
-129.396
-133.798
-122.592
-117.93
-114.99
-112.876
-111.257
-109.974
-108.938
-108.094
-107.407
-106.853
-106.414
-106.078
-105.837
-105.684
-105.616
-105.629
-105.724
-105.901
-106.162
-106.512
-106.958
-107.508
-108.175
-108.978
-109.943
-111.108
-112.532
-114.316
-116.639
-119.893
-125.222
-141.464
-128.539
-121.688
-118.001
-115.512
-113.671
-112.243
-111.105
-110.188
-109.447
-108.851
-108.381
-108.021
-107.762
-107.597
-107.521
-107.532
-107.628
-107.812
-108.086
-108.456
-108.928
-109.515
-110.231
-111.099
-112.148
-113.427
-115.008
-117.018
-119.701
-123.639
-130.971
-141.439
-127.137
-122.19
-119.232
-117.194
-115.705
-114.589
-113.752
-113.138
-112.711
-112.446
-112.326
-112.342
-112.485
-112.751
-113.138
-113.646
-114.275
-115.029
-115.915
-116.939
-118.113
-119.452
-120.977
-122.718
-124.719
-127.048
-129.821
-133.25
-137.822
-145.117
-172.866
-146.768
-142.3
-140.315
-139.438
-139.232
-139.511
-140.182
-141.197
-142.541
-144.219
-146.259
-148.723
-151.726
-155.503
-160.617
-169.11
-182.359
-168.732
-165.346
-164.116
-163.941
-164.446
-165.465
-166.918
-168.768
-171.01
-173.673
-176.835
-180.671
-185.605
-193.033
-225.124
-196.875
-192.529
-190.963
-190.774
-191.756
-194.338
-200.781
-207.784
-193.961
-188.388
-184.844
-182.331
-180.494
-179.171
-178.278
-177.767
-177.619
-177.829
-178.41
-179.395
-180.844
-182.865
-185.663
-189.693
-196.357
-224.738
-199.732
-195.383
-194.215
-194.902
-197.569
-204.265
-212.892
-199.336
-194.712
-192.357
-191.283
-191.214
-192.155
-194.409
-199.112
-216.422
-201.094
-194.423
-190.999
-188.966
-187.8
-187.289
-187.346
-187.949
-189.134
-191.013
-193.846
-198.32
-207.348
-211.606
-201.757
-198.387
-196.992
-196.751
-197.413
-198.941
-201.457
-205.323
-211.6
-226.444
-222.355
-220.641
-300
-214.348
-206.742
-202.217
-199.174
-197.089
-195.731
-194.991
-194.833
-195.285
-196.462
-198.658
-202.721
-213.171
-209.431
-200.842
-196.732
-194.188
-192.521
-191.469
-190.918
-190.828
-191.216
-192.167
-193.887
-196.894
-203.036
-217.716
-199.622
-193.981
-190.603
-188.302
-186.688
-185.593
-184.939
-184.698
-184.873
-185.498
-186.644
-188.443
-191.144
-195.296
-202.595
-230.884
-206.745
-207.299
-216.296
-197.376
-189.963
-185.079
-181.483
-178.729
-176.607
-175.007
-173.872
-173.183
-172.955
-173.249
-174.206
-176.159
-180.084
-192.175
-183.322
-174.864
-170.034
-166.454
-163.485
-160.851
-158.411
-156.09
-153.852
-151.686
-149.599
-147.605
-145.728
-143.991
-142.425
-141.063
-139.95
-139.149
-138.759
-138.96
-140.135
-143.39
-156.815
-143.295
-134.462
-128.939
-124.68
-121.116
-118.008
-115.229
-112.704
-110.386
-108.241
-106.245
-104.381
-102.635
-100.995
-99.4535
-98.0022
-96.6352
-95.347
-94.1331
-92.9895
-91.9126
-90.8993
-89.9467
-89.0521
-88.2133
-87.428
-86.6943
-86.0102
-85.3739
-84.7837
-84.2381
-83.7355
-83.2743
-82.8531
-82.4706
-82.1253
-81.8158
-81.5407
-81.2987
-81.0884
-80.9084
-80.7574
-80.634
-80.5367
-80.4642
-80.415
-80.3878
-80.3811
-80.3934
-80.4235
-80.4697
-80.5309
-80.6057
-80.6927
-80.7906
-80.8985
-81.0149
-81.1391
-81.2699
-81.4065
-81.5481
-81.6941
-81.8439
-81.9969
-82.1528
-82.3112
-82.4719
-82.6347
-82.7995
-82.9663
-83.1348
-83.3052
-83.4774
-83.6514
-83.8272
-84.0048
-84.1842
-84.3651
-84.5477
-84.7318
-84.9172
-85.1039
-85.2916
-85.4802
-85.6695
-85.8593
-86.0496
-86.24
-86.4305
-86.621
-86.8114
-87.0015
-87.1915
-87.3812
-87.5707
-87.7601
-87.9494
-88.1388
-88.3283
-88.5182
-88.7085
-88.8994
-89.091
-89.2834
-89.4769
-89.6714
-89.867
-90.0639
-90.2619
-90.4611
-90.6614
-90.8629
-91.0654
-91.2688
-91.4729
-91.6778
-91.8832
-92.089
-92.295
-92.5012
-92.7075
-92.9138
-93.12
-93.326
-93.5319
-93.7377
-93.9434
-94.1491
-94.3549
-94.5608
-94.767
-94.9735
-95.1806
-95.3884
-95.5969
-95.8063
-96.0167
-96.2281
-96.4406
-96.6542
-96.869
-97.0848
-97.3018
-97.5198
-97.7387
-97.9585
-98.1791
-98.4002
-98.6219
-98.844
-99.0664
-99.2889
-99.5116
-99.7344
-99.9571
-100.18
-100.403
-100.625
-100.848
-101.071
-101.294
-101.518
-101.742
-101.967
-102.193
-102.419
-102.647
-102.875
-103.105
-103.336
-103.569
-103.803
-104.039
-104.276
-104.514
-104.754
-104.995
-105.238
-105.481
-105.726
-105.972
-106.218
-106.465
-106.713
-106.961
-107.209
-107.458
-107.708
-107.957
-108.207
-108.457
-108.708
-108.959
-109.211
-109.464
-109.717
-109.971
-110.226
-110.482
-110.739
-110.998
-111.258
-111.52
-111.783
-112.047
-112.313
-112.58
-112.848
-113.118
-113.39
-113.662
-113.935
-114.21
-114.485
-114.761
-115.038
-115.316
-115.594
-115.872
-116.152
-116.432
-116.712
-116.993
-117.275
-117.558
-117.842
-118.127
-118.413
-118.7
-118.989
-119.279
-119.571
-119.865
-120.161
-120.458
-120.758
-121.06
-121.364
-121.669
-121.977
-122.287
-122.598
-122.911
-123.226
-123.543
-123.861
-124.18
-124.501
-124.823
-125.146
-125.471
-125.796
-126.123
-126.451
-126.78
-127.11
-127.442
-127.775
-128.11
-128.446
-128.784
-129.124
-129.466
-129.81
-130.157
-130.505
-130.856
-131.21
-131.565
-131.924
-132.284
-132.647
-133.013
-133.381
-133.751
-134.123
-134.497
-134.874
-135.253
-135.633
-136.016
-136.4
-136.786
-137.174
-137.565
-137.957
-138.351
-138.747
-139.146
-139.547
-139.95
-140.357
-140.766
-141.178
-141.593
-142.011
-142.433
-142.858
-143.287
-143.72
-144.156
-144.596
-145.04
-145.488
-145.939
-146.395
-146.854
-147.317
-147.783
-148.253
-148.727
-149.204
-149.685
-150.17
-150.658
-151.149
-151.644
-152.143
-152.646
-153.153
-153.664
-154.179
-154.698
-155.222
-155.751
-156.284
-156.823
-157.367
-157.916
-158.471
-159.032
-159.599
-160.172
-160.751
-161.336
-161.927
-162.525
-163.129
-163.74
-164.357
-164.981
-165.612
-166.25
-166.894
-167.545
-168.204
-168.87
-169.543
-170.223
-170.912
-171.609
-172.314
-173.027
-173.75
-174.482
-175.224
-175.976
-176.738
-177.511
-178.295
-179.091
-179.899
-180.72
-181.553
-182.4
-183.26
-184.134
-185.023
-185.927
-186.846
-187.78
-188.731
-189.699
-190.683
-191.686
-192.706
-193.746
-194.806
-195.885
-196.986
-198.11
-199.256
-200.426
-201.622
-202.844
-204.095
-205.374
-206.685
-208.028
-209.405
-210.818
-212.27
-213.762
-215.297
-216.877
-218.506
-220.186
-221.921
-223.714
-225.569
-227.491
-229.484
-231.555
-233.71
-235.954
-238.298
-240.749
-243.317
-246.016
-248.859
-251.863
-255.046
-258.433
-262.052
-265.937
-270.131
-274.688
-279.676
-285.189
-291.349
-298.329
-300
-300
-300
-300
-300
-300
-300
-300
-300
-300
-300
-300
-300
-298.667
-291.735
-285.623
-280.159
-275.218
-270.71
-266.564
-262.728
-259.157
-255.818
-252.683
-249.728
-246.933
-244.282
-241.762
-239.359
-237.064
-234.868
-232.762
-230.739
-228.794
-226.92
-225.113
-223.368
-221.682
-220.05
-218.47
-216.938
-215.451
-214.007
-212.604
-211.239
-209.91
-208.615
-207.353
-206.122
-204.92
-203.746
-202.598
-201.476
-200.378
-199.303
-198.25
-197.219
-196.207
-195.216
-194.244
-193.289
-192.353
-191.434
-190.531
-189.645
-188.774
-187.919
-187.078
-186.252
-185.44
-184.642
-183.857
-183.085
-182.325
-181.577
-180.841
-180.117
-179.403
-178.699
-178.006
-177.322
-176.648
-175.982
-175.326
-174.677
-174.037
-173.405
-172.78
-172.163
-171.552
-170.949
-170.353
-169.764
-169.182
-168.606
-168.037
-167.475
-166.919
-166.369
-165.826
-165.289
-164.759
-164.235
-163.716
-163.204
-162.697
-162.196
-161.7
-161.21
-160.725
-160.245
-159.769
-159.298
-158.831
-158.369
-157.911
-157.456
-157.006
-156.559
-156.116
-155.676
-155.24
-154.808
-154.379
-153.954
-153.532
-153.114
-152.699
-152.289
-151.882
-151.479
-151.079
-150.684
-150.292
-149.904
-149.52
-149.14
-148.763
-148.39
-148.02
-147.653
-147.289
-146.929
-146.571
-146.216
-145.864
-145.513
-145.165
-144.82
-144.476
-144.135
-143.795
-143.457
-143.121
-142.787
-142.455
-142.125
-141.797
-141.471
-141.148
-140.826
-140.507
-140.19
-139.875
-139.563
-139.253
-138.946
-138.642
-138.339
-138.039
-137.741
-137.446
-137.153
-136.861
-136.572
-136.284
-135.998
-135.713
-135.43
-135.148
-134.868
-134.589
-134.311
-134.034
-133.758
-133.483
-133.21
-132.938
-132.667
-132.398
-132.13
-131.863
-131.599
-131.336
-131.075
-130.816
-130.559
-130.304
-130.051
-129.8
-129.551
-129.304
-129.059
-128.816
-128.574
-128.334
-128.095
-127.858
-127.622
-127.387
-127.153
-126.92
-126.687
-126.455
-126.224
-125.994
-125.764
-125.535
-125.306
-125.078
-124.851
-124.624
-124.398
-124.174
-123.95
-123.728
-123.507
-123.287
-123.069
-122.852
-122.636
-122.422
-122.21
-121.999
-121.789
-121.58
-121.373
-121.167
-120.962
-120.757
-120.554
-120.351
-120.149
-119.947
-119.746
-119.545
-119.344
-119.144
-118.944
-118.744
-118.545
-118.346
-118.148
-117.951
-117.754
-117.559
-117.364
-117.171
-116.978
-116.788
-116.598
-116.41
-116.224
-116.039
-115.855
-115.673
-115.492
-115.312
-115.134
-114.957
-114.78
-114.605
-114.43
-114.255
-114.081
-113.907
-113.733
-113.56
-113.386
-113.213
-113.039
-112.865
-112.692
-112.519
-112.345
-112.172
-112
-111.828
-111.657
-111.486
-111.317
-111.148
-110.98
-110.813
-110.648
-110.484
-110.32
-110.158
-109.997
-109.837
-109.678
-109.52
-109.362
-109.204
-109.048
-108.891
-108.735
-108.578
-108.422
-108.266
-108.109
-107.952
-107.796
-107.639
-107.482
-107.325
-107.169
-107.012
-106.856
-106.701
-106.546
-106.392
-106.239
-106.087
-105.936
-105.787
-105.638
-105.491
-105.345
-105.2
-105.056
-104.913
-104.771
-104.63
-104.489
-104.349
-104.209
-104.069
-103.929
-103.79
-103.65
-103.51
-103.369
-103.229
-103.088
-102.947
-102.807
-102.666
-102.525
-102.385
-102.246
-102.107
-101.969
-101.832
-101.696
-101.562
-101.429
-101.298
-101.168
-101.041
-100.915
-100.79
-100.668
-100.547
-100.429
-100.312
-100.197
-100.084
-99.9731
-99.8646
-99.7586
-99.6555
-99.5556
-99.4596
-99.3679
-99.2812
-99.2004
-99.1262
-99.0597
-99.0019
-98.9539
-98.9169
-98.8922
-98.881
-98.8848
-98.9048
-98.9425
-98.9993
-99.0766
-99.1759
-99.2985
-99.4458
-99.6194
-99.8205
-100.051
-100.311
-100.603
-100.928
-101.288
-101.684
-102.116
-102.588
-103.099
-103.652
-104.248
-104.888
-105.575
-106.309
-107.093
-107.929
-108.818
-109.763
-110.766
-111.829
-112.957
-114.151
-115.415
-116.753
-118.171
-119.673
-121.265
-122.955
-124.751
-126.666
-128.712
-130.908
-133.276
-135.852
-138.681
-141.84
-145.454
-149.764
-155.337
-164.221
-177.791
-164.416
-161.212
-160.088
-159.938
-160.379
-161.23
-162.394
-163.806
-165.423
-167.21
-169.139
-171.183
-173.321
-175.538
-177.826
-180.198
-182.688
-185.373
-188.393
-192.024
-196.905
-205.414
-214.318
-202.278
-198.404
-196.501
-195.595
-195.352
-195.631
-196.371
-197.557
-199.208
-201.381
-204.185
-207.832
-212.768
-220.231
-239.203
-230.256
-229.753
-253.943
-225.706
-218.457
-214.357
-211.707
-209.96
-208.865
-208.291
-208.167
-208.459
-209.163
-210.31
-211.976
-214.328
-217.757
-223.449
-241.594
-226.966
-220.875
-217.919
-216.25
-215.351
-215.014
-215.155
-215.758
-216.861
-218.579
-221.176
-225.337
-233.977
-237.769
-227.37
-223.359
-221.214
-220.088
-219.688
-219.898
-220.689
-222.099
-224.235
-227.329
-231.907
-239.564
-300
-245.96
-247.725
-251.867
-237.074
-230.849
-227.034
-224.571
-223.094
-222.483
-222.776
-224.223
-227.645
-237.546
-233.34
-224.363
-219.942
-217.16
-215.333
-214.2
-213.649
-213.644
-214.207
-215.425
-217.51
-220.986
-227.709
-243.089
-225.831
-221.18
-218.978
-218.09
-218.211
-219.336
-221.743
-226.42
-240.028
-231.454
-224.809
-222.194
-221.559
-222.78
-227.181
-252.239
-223.911
-217.299
-213.321
-210.576
-208.607
-207.21
-206.278
-205.749
-205.591
-205.792
-206.355
-207.301
-208.677
-210.566
-213.132
-216.728
-222.354
-236.229
-229.279
-222.888
-220.359
-219.429
-219.671
-221.29
-225.689
-253.99
-221.952
-214.577
-209.695
-205.912
-202.803
-200.192
-198.003
-196.206
-194.807
-193.84
-193.387
-193.616
-194.899
-198.337
-212.017
-198.821
-190.381
-185.32
-181.596
-178.646
-176.236
-174.248
-172.624
-171.333
-170.37
-169.753
-169.528
-169.786
-170.717
-172.755
-177.275
-203.427
-175.731
-168.49
-163.971
-160.595
-157.876
-155.6
-153.652
-151.965
-150.493
-149.207
-148.087
-147.116
-146.284
-145.583
-145.008
-144.554
-144.221
-144.008
-143.918
-143.956
-144.129
-144.448
-144.929
-145.597
-146.487
-147.657
-149.2
-151.291
-154.303
-159.304
-173.66
-163.246
-155.967
-152.083
-149.454
-147.498
-145.971
-144.746
-143.751
-142.937
-142.275
-141.742
-141.324
-141.008
-140.788
-140.659
-140.616
-140.66
-140.79
-141.009
-141.323
-141.736
-142.261
-142.911
-143.707
-144.678
-145.87
-147.353
-149.248
-151.791
-155.532
-162.438
-175.417
-159.23
-153.956
-150.756
-148.487
-146.758
-145.388
-144.278
-143.368
-142.619
-142.007
-141.512
-141.121
-140.825
-140.619
-140.497
-140.457
-140.498
-140.621
-140.829
-141.125
-141.516
-142.009
-142.619
-143.36
-144.259
-145.35
-146.688
-148.362
-150.531
-153.527
-158.244
-169.505
-165.158
-156.904
-152.823
-150.134
-148.163
-146.636
-145.418
-144.431
-143.626
-142.971
-142.444
-142.029
-141.715
-141.496
-141.365
-141.32
-141.359
-141.484
-141.696
-141.999
-142.4
-142.908
-143.535
-144.301
-145.23
-146.362
-147.756
-149.511
-151.809
-155.043
-160.365
-176.829
-163.521
-156.68
-152.979
-150.471
-148.609
-147.159
-145.999
-145.059
-144.295
-143.677
-143.185
-142.803
-142.524
-142.338
-142.243
-142.235
-142.315
-142.483
-142.744
-143.102
-143.566
-144.147
-144.862
-145.735
-146.801
-148.113
-149.758
-151.893
-154.84
-159.46
-170.197
-167.014
-158.464
-154.307
-151.581
-149.586
-148.044
-146.815
-145.819
-145.008
-144.349
-143.82
-143.405
-143.093
-142.877
-142.752
-142.715
-142.764
-142.901
-143.129
-143.452
-143.877
-144.415
-145.081
-145.896
-146.89
-148.109
-149.627
-151.571
-154.189
-158.075
-165.456
-174.706
-160.943
-155.924
-152.835
-150.635
-148.959
-147.634
-146.566
-145.696
-144.989
-144.418
-143.966
-143.621
-143.375
-143.221
-143.157
-143.181
-143.293
-143.496
-143.793
-144.193
-144.705
-145.343
-146.127
-147.087
-148.267
-149.738
-151.62
-154.143
-157.85
-164.649
-178.696
-161.753
-156.416
-153.193
-150.911
-149.175
-147.8
-146.688
-145.777
-145.029
-144.417
-143.925
-143.537
-143.246
-143.045
-142.929
-142.895
-142.944
-143.076
-143.294
-143.6
-144.003
-144.51
-145.136
-145.897
-146.818
-147.939
-149.316
-151.045
-153.301
-156.454
-161.562
-175.766
-165.903
-158.66
-154.844
-152.281
-150.387
-148.915
-147.74
-146.79
-146.017
-145.393
-144.896
-144.512
-144.23
-144.043
-143.948
-143.941
-144.022
-144.193
-144.456
-144.819
-145.289
-145.878
-146.605
-147.493
-148.58
-149.924
-151.617
-153.833
-156.936
-161.955
-175.558
-166.636
-159.23
-155.351
-152.747
-150.818
-149.316
-148.112
-147.133
-146.333
-145.681
-145.155
-144.741
-144.428
-144.209
-144.079
-144.034
-144.075
-144.201
-144.414
-144.72
-145.125
-145.637
-146.271
-147.046
-147.989
-149.139
-150.562
-152.362
-154.738
-158.131
-163.911
-190.173
-164.835
-158.645
-155.138
-152.723
-150.913
-149.496
-148.36
-147.437
-146.687
-146.08
-145.597
-145.225
-144.954
-144.777
-144.691
-144.693
-144.784
-144.965
-145.24
-145.615
-146.1
-146.707
-147.456
-148.374
-149.501
-150.901
-152.681
-155.041
-158.426
-164.235
-193.025
-164.869
-158.713
-155.198
-152.763
-150.929
-149.484
-148.317
-147.362
-146.576
-145.931
-145.408
-144.991
-144.672
-144.443
-144.299
-144.237
-144.257
-144.357
-144.539
-144.808
-145.167
-145.626
-146.193
-146.885
-147.722
-148.735
-149.969
-151.495
-153.438
-156.036
-159.856
-166.949
-178.547
-163.347
-158.193
-155.061
-152.845
-151.164
-149.84
-148.775
-147.911
-147.21
-146.646
-146.202
-145.866
-145.627
-145.481
-145.424
-145.455
-145.573
-145.78
-146.082
-146.483
-146.994
-147.628
-148.405
-149.351
-150.509
-151.943
-153.762
-156.172
-159.635
-165.626
-300
-165.656
-159.695
-156.262
-153.882
-152.092
-150.689
-149.561
-148.644
-147.898
-147.293
-146.812
-146.441
-146.169
-145.992
-145.904
-145.903
-145.99
-146.166
-146.434
-146.801
-147.275
-147.868
-148.599
-149.493
-150.588
-151.942
-153.653
-155.898
-159.06
-164.244
-179.475
-167.906
-160.843
-157.053
-154.485
-152.572
-151.075
-149.872
-148.889
-148.082
-147.42
-146.882
-146.454
-146.124
-145.885
-145.733
-145.663
-145.673
-145.765
-145.939
-146.198
-146.547
-146.993
-147.546
-148.221
-149.037
-150.022
-151.219
-152.694
-154.558
-157.023
-160.568
-166.753
-194.939
-166.179
-160.401
-157.045
-154.715
-152.965
-151.595
-150.498
-149.61
-148.891
-148.313
-147.859
-147.513
-147.268
-147.117
-147.057
-147.084
-147.2
-147.407
-147.708
-148.11
-148.623
-149.26
-150.04
-150.993
-152.159
-153.606
-155.445
-157.891
-161.427
-167.648
-193.015
-166.784
-161.034
-157.671
-155.324
-153.554
-152.162
-151.041
-150.128
-149.384
-148.779
-148.297
-147.922
-147.646
-147.463
-147.367
-147.356
-147.43
-147.591
-147.84
-148.183
-148.627
-149.182
-149.865
-150.695
-151.704
-152.937
-154.47
-156.428
-159.062
-162.971
-170.408
-179.359
-165.786
-160.797
-157.724
-155.538
-153.875
-152.561
-151.504
-150.645
-149.949
-149.39
-148.95
-148.617
-148.383
-148.243
-148.191
-148.228
-148.354
-148.571
-148.883
-149.297
-149.824
-150.478
-151.28
-152.261
-153.465
-154.967
-156.892
-159.484
-163.331
-170.604
-180.496
-166.323
-161.244
-158.121
-155.896
-154.197
-152.85
-151.759
-150.867
-150.136
-149.541
-149.064
-148.691
-148.414
-148.227
-148.125
-148.106
-148.169
-148.315
-148.547
-148.868
-149.285
-149.808
-150.449
-151.228
-152.169
-153.311
-154.716
-156.482
-158.794
-162.048
-167.414
-184.388
-170.371
-163.602
-159.924
-157.431
-155.58
-154.139
-152.989
-152.059
-151.304
-150.697
-150.215
-149.845
-149.578
-149.405
-149.323
-149.329
-149.423
-149.607
-149.883
-150.258
-150.74
-151.341
-152.079
-152.979
-154.077
-155.432
-157.138
-159.367
-162.487
-167.536
-181.329
-172.109
-164.758
-160.902
-158.315
-156.401
-154.913
-153.723
-152.76
-151.975
-151.34
-150.831
-150.436
-150.144
-149.946
-149.839
-149.82
-149.887
-150.042
-150.289
-150.63
-151.075
-151.635
-152.324
-153.165
-154.191
-155.45
-157.023
-159.048
-161.804
-165.99
-174.571
-177.784
-167.077
-162.487
-159.57
-157.465
-155.85
-154.568
-153.533
-152.69
-152.005
-151.454
-151.02
-150.693
-150.462
-150.324
-150.274
-150.312
-150.438
-150.653
-150.963
-151.375
-151.897
-152.546
-153.34
-154.31
-155.499
-156.98
-158.873
-161.41
-165.142
-172.013
-185.351
-168.917
-163.625
-160.422
-158.154
-156.429
-155.066
-153.964
-153.065
-152.329
-151.732
-151.254
-150.883
-150.61
-150.429
-150.335
-150.325
-150.401
-150.562
-150.812
-151.155
-151.6
-152.158
-152.844
-153.679
-154.696
-155.944
-157.501
-159.503
-162.222
-166.333
-174.618
-178.994
-167.764
-163.077
-160.112
-157.973
-156.329
-155.022
-153.961
-153.092
-152.381
-151.802
-151.338
-150.978
-150.712
-150.535
-150.442
-150.431
-150.501
-150.654
-150.891
-151.216
-151.637
-152.163
-152.806
-153.585
-154.525
-155.666
-157.066
-158.825
-161.124
-164.355
-169.659
-185.877
-172.927
-166.053
-162.341
-159.829
-157.964
-156.511
-155.35
-154.409
-153.644
-153.024
-152.53
-152.146
-151.864
-151.675
-151.575
-151.562
-151.635
-151.795
-152.045
-152.391
-152.84
-153.403
-154.095
-154.939
-155.965
-157.22
-158.778
-160.764
-163.424
-167.338
-174.647
-185.092
-170.766
-165.796
-162.814
-160.754
-159.241
-158.102
-157.242
-156.605
-156.154
-155.865
-155.723
-155.716
-155.836
-156.079
-156.443
-156.927
-157.533
-158.264
-159.127
-160.128
-161.279
-162.595
-164.097
-165.815
-167.794
-170.1
-172.85
-176.256
-180.805
-188.078
-215.804
-189.683
-185.193
-183.185
-182.285
-182.057
-182.313
-182.961
-183.954
-185.275
-186.931
-188.948
-191.39
-194.37
-198.125
-203.216
-211.687
-224.914
-211.264
-207.856
-206.604
-206.406
-206.889
-207.886
-209.317
-211.144
-213.364
-216.005
-219.145
-222.958
-227.871
-235.277
-267.345
-239.075
-234.706
-233.119
-232.907
-233.867
-236.427
-242.849
-249.83
-235.985
-230.39
-226.824
-224.289
-222.43
-221.086
-220.17
-219.638
-219.468
-219.656
-220.215
-221.179
-222.606
-224.605
-227.382
-231.391
-238.033
-266.392
-241.364
-236.994
-235.804
-236.47
-239.115
-245.79
-254.396
-240.818
-236.172
-233.796
-232.701
-232.611
-233.53
-235.763
-240.445
-257.733
-242.384
-235.692
-232.247
-230.192
-229.005
-228.473
-228.509
-229.091
-230.255
-232.112
-234.925
-239.377
-248.384
-252.622
-242.751
-239.36
-237.944
-237.682
-238.324
-239.831
-242.326
-246.172
-252.427
-267.251
-263.14
-261.406
-300
-255.072
-247.445
-242.899
-239.835
-237.73
-236.351
-235.59
-235.412
-235.843
-236.999
-239.175
-243.217
-253.647
-249.886
-241.277
-237.147
-234.581
-232.894
-231.822
-231.25
-231.14
-231.507
-232.438
-234.138
-237.125
-243.247
-257.906
-239.792
-234.131
-230.732
-228.411
-226.777
-225.661
-224.987
-224.726
-224.881
-225.486
-226.612
-228.391
-231.072
-235.203
-242.483
-270.751
-246.592
-247.126
-256.104
-237.163
-229.731
-224.827
-221.211
-218.437
-216.295
-214.675
-213.52
-212.811
-212.564
-212.838
-213.775
-215.709
-219.614
-231.685
-222.812
-214.335
-209.485
-205.885
-202.896
-200.243
-197.783
-195.443
-193.185
-191
-188.893
-186.88
-184.983
-183.227
-181.641
-180.26
-179.128
-178.307
-177.898
-178.079
-179.234
-182.47
-195.876
-182.336
-173.484
-167.942
-163.663
-160.081
-156.953
-154.155
-151.611
-149.273
-147.109
-145.094
-143.211
-141.445
-139.787
-138.226
-136.755
-135.369
-134.062
-132.829
-131.667
-130.571
-129.538
-128.567
-127.653
-126.795
-125.991
-125.238
-124.535
-123.88
-123.271
-122.707
-122.185
-121.705
-121.265
-120.864
-120.5
-120.171
-119.878
-119.617
-119.388
-119.189
-119.019
-118.877
-118.761
-118.67
-118.602
-118.557
-118.531
-118.525
-118.536
-118.564
-118.607
-118.663
-118.731
-118.811
-118.9
-118.998
-119.104
-119.216
-119.334
-119.458
-119.585
-119.717
-119.851
-119.989
-120.129
-120.271
-120.416
-120.562
-120.711
-120.861
-121.013
-121.167
-121.323
-121.48
-121.64
-121.801
-121.964
-122.128
-122.294
-122.461
-122.63
-122.799
-122.97
-123.141
-123.313
-123.485
-123.658
-123.83
-124.003
-124.175
-124.347
-124.519
-124.691
-124.863
-125.034
-125.205
-125.377
-125.549
-125.721
-125.893
-126.066
-126.24
-126.414
-126.59
-126.767
-126.945
-127.124
-127.304
-127.486
-127.668
-127.852
-128.037
-128.222
-128.409
-128.596
-128.784
-128.972
-129.161
-129.349
-129.538
-129.727
-129.915
-130.104
-130.292
-130.48
-130.669
-130.857
-131.045
-131.234
-131.422
-131.611
-131.801
-131.992
-132.183
-132.375
-132.568
-132.762
-132.957
-133.153
-133.351
-133.549
-133.749
-133.95
-134.151
-134.354
-134.557
-134.761
-134.966
-135.171
-135.376
-135.581
-135.787
-135.992
-136.198
-136.403
-136.609
-136.815
-137.021
-137.226
-137.433
-137.639
-137.846
-138.054
-138.263
-138.472
-138.683
-138.894
-139.107
-139.322
-139.537
-139.755
-139.973
-140.194
-140.415
-140.638
-140.863
-141.088
-141.315
-141.543
-141.772
-142.001
-142.231
-142.462
-142.694
-142.925
-143.158
-143.39
-143.623
-143.856
-144.09
-144.324
-144.559
-144.794
-145.03
-145.266
-145.504
-145.742
-145.982
-146.223
-146.465
-146.708
-146.953
-147.2
-147.447
-147.697
-147.947
-148.2
-148.453
-148.708
-148.964
-149.221
-149.479
-149.738
-149.997
-150.258
-150.519
-150.781
-151.043
-151.306
-151.57
-151.834
-152.099
-152.365
-152.631
-152.899
-153.167
-153.437
-153.708
-153.981
-154.255
-154.531
-154.808
-155.088
-155.37
-155.653
-155.939
-156.226
-156.516
-156.808
-157.101
-157.397
-157.694
-157.993
-158.293
-158.595
-158.899
-159.203
-159.509
-159.817
-160.125
-160.435
-160.746
-161.058
-161.371
-161.685
-162.001
-162.318
-162.637
-162.958
-163.28
-163.604
-163.93
-164.258
-164.589
-164.922
-165.257
-165.594
-165.934
-166.277
-166.622
-166.969
-167.319
-167.671
-168.025
-168.382
-168.741
-169.102
-169.465
-169.83
-170.196
-170.565
-170.936
-171.308
-171.683
-172.06
-172.438
-172.819
-173.202
-173.588
-173.976
-174.366
-174.76
-175.156
-175.556
-175.959
-176.365
-176.775
-177.189
-177.606
-178.027
-178.452
-178.88
-179.312
-179.749
-180.189
-180.632
-181.08
-181.531
-181.986
-182.444
-182.906
-183.372
-183.841
-184.314
-184.79
-185.27
-185.754
-186.241
-186.733
-187.228
-187.728
-188.233
-188.741
-189.255
-189.773
-190.297
-190.826
-191.36
-191.9
-192.446
-192.997
-193.555
-194.119
-194.689
-195.265
-195.848
-196.437
-197.033
-197.636
-198.245
-198.86
-199.483
-200.112
-200.749
-201.392
-202.043
-202.701
-203.367
-204.041
-204.722
-205.413
-206.111
-206.819
-207.536
-208.263
-209
-209.748
-210.506
-211.276
-212.057
-212.85
-213.656
-214.474
-215.306
-216.152
-217.011
-217.885
-218.774
-219.679
-220.599
-221.535
-222.488
-223.458
-224.445
-225.452
-226.477
-227.521
-228.587
-229.673
-230.782
-231.913
-233.069
-234.251
-235.458
-236.694
-237.959
-239.255
-240.583
-241.946
-243.345
-244.782
-246.26
-247.78
-249.346
-250.961
-252.626
-254.346
-256.125
-257.966
-259.873
-261.852
-263.909
-266.049
-268.279
-270.608
-273.045
-275.599
-278.284
-281.112
-284.102
-287.271
-290.644
-294.248
-298.119
-300
-300
-300
-300
-300
-300
-300
-300
-300
-300
-300
-300
-300
-300
-300
-300
-300
-300
-300
-300
-300
-300
-300
-300
-300
-298.379
-294.528
-290.944
-287.591
-284.441
-281.472
-278.663
-275.999
-273.465
-271.048
-268.739
-266.529
-264.409
-262.372
-260.413
-258.525
-256.704
-254.946
-253.246
-251.6
-250.006
-248.46
-246.959
-245.502
-244.084
-242.706
-241.363
-240.054
-238.778
-237.533
-236.318
-235.13
-233.969
-232.833
-231.721
-230.632
-229.566
-228.521
-227.496
-226.491
-225.505
-224.537
-223.587
-222.654
-221.738
-220.838
-219.954
-219.085
-218.231
-217.391
-216.565
-215.754
-214.955
-214.169
-213.396
-212.635
-211.885
-211.147
-210.42
-209.703
-208.996
-208.298
-207.611
-206.932
-206.262
-205.6
-204.946
-204.3
-203.662
-203.031
-202.408
-201.791
-201.182
-200.579
-199.984
-199.395
-198.812
-198.236
-197.667
-197.104
-196.548
-195.998
-195.454
-194.916
-194.385
-193.859
-193.339
-192.825
-192.316
-191.812
-191.314
-190.82
-190.332
-189.847
-189.368
-188.892
-188.42
-187.953
-187.489
-187.029
-186.573
-186.12
-185.671
-185.225
-184.783
-184.345
-183.91
-183.479
-183.052
-182.628
-182.208
-181.792
-181.379
-180.971
-180.566
-180.165
-179.768
-179.375
-178.985
-178.598
-178.215
-177.836
-177.459
-177.086
-176.715
-176.347
-175.981
-175.618
-175.258
-174.899
-174.542
-174.188
-173.835
-173.485
-173.136
-172.789
-172.444
-172.101
-171.76
-171.422
-171.085
-170.751
-170.419
-170.089
-169.761
-169.437
-169.114
-168.794
-168.477
-168.161
-167.849
-167.538
-167.23
-166.924
-166.62
-166.318
-166.017
-165.718
-165.421
-165.125
-164.831
-164.538
-164.246
-163.955
-163.665
-163.377
-163.09
-162.804
-162.519
-162.236
-161.954
-161.673
-161.394
-161.117
-160.842
-160.568
-160.297
-160.027
-159.759
-159.494
-159.23
-158.969
-158.709
-158.452
-158.196
-157.942
-157.689
-157.438
-157.188
-156.94
-156.692
-156.446
-156.2
-155.955
-155.711
-155.468
-155.225
-154.982
-154.741
-154.5
-154.259
-154.019
-153.781
-153.543
-153.306
-153.07
-152.835
-152.602
-152.37
-152.139
-151.91
-151.682
-151.456
-151.231
-151.007
-150.785
-150.564
-150.345
-150.127
-149.909
-149.693
-149.477
-149.262
-149.047
-148.833
-148.62
-148.407
-148.194
-147.981
-147.769
-147.557
-147.346
-147.135
-146.925
-146.715
-146.507
-146.299
-146.092
-145.887
-145.683
-145.48
-145.278
-145.078
-144.879
-144.682
-144.487
-144.292
-144.099
-143.908
-143.717
-143.528
-143.34
-143.152
-142.965
-142.778
-142.592
-142.406
-142.221
-142.035
-141.85
-141.664
-141.478
-141.293
-141.108
-140.922
-140.737
-140.552
-140.368
-140.184
-140.001
-139.818
-139.637
-139.456
-139.277
-139.098
-138.921
-138.745
-138.57
-138.396
-138.223
-138.051
-137.88
-137.71
-137.54
-137.371
-137.202
-137.034
-136.866
-136.698
-136.53
-136.362
-136.193
-136.025
-135.856
-135.688
-135.519
-135.351
-135.182
-135.014
-134.847
-134.68
-134.513
-134.348
-134.183
-134.019
-133.857
-133.696
-133.535
-133.376
-133.219
-133.062
-132.907
-132.752
-132.598
-132.446
-132.293
-132.141
-131.99
-131.839
-131.687
-131.536
-131.385
-131.233
-131.081
-130.929
-130.777
-130.625
-130.472
-130.32
-130.168
-130.016
-129.865
-129.715
-129.565
-129.417
-129.27
-129.124
-128.98
-128.837
-128.696
-128.557
-128.42
-128.284
-128.15
-128.018
-127.888
-127.76
-127.634
-127.509
-127.387
-127.267
-127.15
-127.035
-126.924
-126.817
-126.714
-126.616
-126.524
-126.438
-126.36
-126.291
-126.232
-126.184
-126.148
-126.125
-126.118
-126.126
-126.153
-126.198
-126.265
-126.353
-126.464
-126.6
-126.762
-126.952
-127.171
-127.42
-127.701
-128.015
-128.364
-128.748
-129.17
-129.63
-130.13
-130.672
-131.257
-131.886
-132.561
-133.285
-134.057
-134.882
-135.76
-136.694
-137.686
-138.738
-139.854
-141.037
-142.29
-143.618
-145.024
-146.515
-148.096
-149.775
-151.56
-153.464
-155.499
-157.683
-160.041
-162.606
-165.424
-168.572
-172.175
-176.473
-182.036
-190.909
-204.468
-191.083
-187.867
-186.733
-186.571
-187.001
-187.842
-188.994
-190.396
-192.002
-193.778
-195.696
-197.729
-199.856
-202.062
-204.339
-206.7
-209.18
-211.854
-214.863
-218.483
-223.353
-231.851
-240.744
-228.693
-224.808
-222.895
-221.978
-221.724
-221.992
-222.721
-223.897
-225.537
-227.699
-230.493
-234.129
-239.053
-246.507
-265.467
-256.51
-255.996
-280.176
-251.927
-244.668
-240.557
-237.896
-236.138
-235.033
-234.448
-234.313
-234.595
-235.289
-236.424
-238.079
-240.421
-243.839
-249.521
-267.655
-253.017
-246.915
-243.948
-242.269
-241.359
-241.011
-241.142
-241.734
-242.827
-244.534
-247.12
-251.271
-259.9
-263.681
-253.272
-249.25
-247.095
-245.959
-245.548
-245.747
-246.528
-247.927
-250.053
-253.137
-257.703
-265.351
-300
-271.725
-273.48
-277.611
-262.808
-256.573
-252.747
-250.273
-248.786
-248.165
-248.447
-249.884
-253.295
-263.186
-258.969
-249.982
-245.55
-242.758
-240.921
-239.778
-239.216
-239.201
-239.753
-240.961
-243.036
-246.502
-253.214
-268.583
-251.315
-246.654
-244.442
-243.543
-243.653
-244.769
-247.165
-251.832
-265.43
-256.845
-250.19
-247.565
-246.92
-248.13
-252.521
-277.569
-249.23
-242.608
-238.62
-235.864
-233.885
-232.479
-231.536
-230.996
-230.829
-231.019
-231.572
-232.508
-233.873
-235.752
-238.308
-241.894
-247.51
-261.375
-254.414
-248.013
-245.474
-244.534
-244.766
-246.374
-250.763
-279.055
-247.006
-239.621
-234.729
-230.936
-227.817
-225.196
-222.997
-221.19
-219.78
-218.803
-218.34
-218.559
-219.832
-223.26
-236.93
-223.724
-215.274
-210.203
-206.469
-203.509
-201.088
-199.091
-197.456
-196.156
-195.183
-194.556
-194.32
-194.568
-195.489
-197.517
-202.028
-228.17
-200.464
-193.212
-188.684
-185.298
-182.569
-180.283
-178.325
-176.628
-175.146
-173.85
-172.72
-171.739
-170.898
-170.187
-169.601
-169.138
-168.794
-168.572
-168.472
-168.5
-168.663
-168.972
-169.444
-170.102
-170.982
-172.142
-173.675
-175.756
-178.758
-183.75
-198.096
-187.672
-180.384
-176.489
-173.85
-171.885
-170.348
-169.113
-168.108
-167.285
-166.613
-166.07
-165.642
-165.317
-165.087
-164.948
-164.896
-164.929
-165.05
-165.26
-165.563
-165.967
-166.482
-167.122
-167.908
-168.87
-170.052
-171.525
-173.411
-175.944
-179.676
-186.571
-199.541
-183.344
-178.06
-174.851
-172.572
-170.834
-169.454
-168.334
-167.414
-166.657
-166.034
-165.529
-165.129
-164.824
-164.608
-164.476
-164.427
-164.458
-164.572
-164.77
-165.057
-165.437
-165.922
-166.521
-167.254
-168.143
-169.224
-170.553
-172.217
-174.377
-177.363
-182.07
-193.322
-188.966
-180.702
-176.611
-173.913
-171.932
-170.396
-169.169
-168.172
-167.358
-166.693
-166.156
-165.732
-165.409
-165.18
-165.039
-164.985
-165.015
-165.13
-165.332
-165.626
-166.018
-166.516
-167.134
-167.89
-168.81
-169.933
-171.317
-173.063
-175.351
-178.576
-183.888
-200.343
-187.026
-180.176
-176.465
-173.948
-172.076
-170.617
-169.448
-168.499
-167.725
-167.098
-166.596
-166.206
-165.916
-165.722
-165.617
-165.6
-165.67
-165.83
-166.081
-166.429
-166.884
-167.456
-168.162
-169.025
-170.082
-171.384
-173.021
-175.146
-178.084
-182.695
-193.423
-190.23
-181.671
-177.505
-174.77
-172.766
-171.214
-169.976
-168.971
-168.151
-167.483
-166.944
-166.52
-166.199
-165.974
-165.839
-165.793
-165.833
-165.961
-166.18
-166.493
-166.91
-167.438
-168.095
-168.901
-169.885
-171.095
-172.605
-174.54
-177.148
-181.025
-188.397
-197.638
-183.865
-178.838
-175.739
-173.53
-171.846
-170.512
-169.434
-168.555
-167.839
-167.258
-166.798
-166.444
-166.188
-166.026
-165.953
-165.967
-166.07
-166.264
-166.553
-166.943
-167.446
-168.075
-168.85
-169.801
-170.973
-172.435
-174.307
-176.821
-180.52
-187.31
-201.348
-184.395
-179.05
-175.817
-173.527
-171.781
-170.398
-169.276
-168.356
-167.599
-166.979
-166.477
-166.081
-165.781
-165.57
-165.445
-165.403
-165.443
-165.566
-165.775
-166.073
-166.466
-166.965
-167.581
-168.333
-169.246
-170.358
-171.726
-173.446
-175.693
-178.837
-183.936
-198.131
-188.26
-181.008
-177.183
-174.611
-172.708
-171.227
-170.044
-169.085
-168.304
-167.671
-167.165
-166.772
-166.481
-166.285
-166.181
-166.165
-166.237
-166.399
-166.654
-167.008
-167.469
-168.05
-168.768
-169.647
-170.726
-172.06
-173.745
-175.953
-179.046
-184.056
-197.651
-188.721
-181.305
-177.418
-174.805
-172.868
-171.357
-170.144
-169.157
-168.348
-167.687
-167.152
-166.729
-166.408
-166.18
-166.041
-165.988
-166.02
-166.137
-166.342
-166.639
-167.035
-167.539
-168.164
-168.93
-169.864
-171.006
-172.42
-174.212
-176.579
-179.964
-185.735
-211.988
-186.642
-180.443
-176.928
-174.503
-172.685
-171.26
-170.115
-169.184
-168.425
-167.809
-167.318
-166.937
-166.657
-166.472
-166.377
-166.371
-166.453
-166.625
-166.892
-167.258
-167.735
-168.334
-169.074
-169.983
-171.102
-172.494
-174.265
-176.616
-179.993
-185.793
-214.575
-186.41
-180.246
-176.723
-174.279
-172.436
-170.983
-169.808
-168.844
-168.049
-167.396
-166.864
-166.439
-166.112
-165.874
-165.722
-165.652
-165.662
-165.754
-165.928
-166.188
-166.539
-166.989
-167.549
-168.232
-169.061
-170.065
-171.29
-172.808
-174.742
-177.332
-181.144
-188.229
-199.819
-184.61
-179.447
-176.307
-174.083
-172.393
-171.061
-169.988
-169.115
-168.406
-167.834
-167.382
-167.036
-166.79
-166.635
-166.57
-166.592
-166.702
-166.901
-167.194
-167.587
-168.09
-168.716
-169.484
-170.422
-171.572
-172.997
-174.808
-177.21
-180.664
-186.647
-300
-186.661
-180.691
-177.25
-174.861
-173.064
-171.652
-170.516
-169.591
-168.836
-168.224
-167.734
-167.354
-167.075
-166.889
-166.793
-166.784
-166.863
-167.03
-167.29
-167.649
-168.114
-168.7
-169.423
-170.308
-171.395
-172.741
-174.443
-176.68
-179.835
-185.01
-200.233
-188.656
-181.585
-177.786
-175.21
-173.289
-171.784
-170.573
-169.582
-168.766
-168.096
-167.55
-167.114
-166.776
-166.529
-166.368
-166.29
-166.293
-166.376
-166.542
-166.793
-167.134
-167.572
-168.117
-168.784
-169.592
-170.569
-171.758
-173.224
-175.08
-177.537
-181.074
-187.252
-215.429
-186.661
-180.875
-177.511
-175.173
-173.415
-172.037
-170.932
-170.036
-169.309
-168.723
-168.26
-167.907
-167.654
-167.495
-167.426
-167.446
-167.554
-167.752
-168.045
-168.44
-168.944
-169.573
-170.346
-171.29
-172.448
-173.887
-175.719
-178.156
-181.685
-187.897
-213.257
-187.017
-181.259
-177.888
-175.534
-173.756
-172.355
-171.227
-170.306
-169.554
-168.941
-168.451
-168.068
-167.785
-167.593
-167.489
-167.471
-167.537
-167.689
-167.931
-168.266
-168.702
-169.249
-169.924
-170.746
-171.747
-172.973
-174.497
-176.448
-179.074
-182.975
-190.404
-199.347
-185.766
-180.77
-177.689
-175.495
-173.824
-172.502
-171.437
-170.571
-169.867
-169.299
-168.852
-168.511
-168.27
-168.121
-168.062
-168.091
-168.209
-168.418
-168.722
-169.129
-169.648
-170.294
-171.088
-172.061
-173.258
-174.752
-176.669
-179.254
-183.092
-190.358
-200.242
-186.061
-180.975
-177.844
-175.611
-173.904
-172.549
-171.451
-170.551
-169.813
-169.21
-168.724
-168.344
-168.06
-167.865
-167.755
-167.728
-167.784
-167.922
-168.146
-168.459
-168.869
-169.384
-170.018
-170.788
-171.721
-172.856
-174.253
-176.012
-178.316
-181.562
-186.921
-203.887
-189.862
-183.085
-179.4
-176.899
-175.04
-173.592
-172.434
-171.496
-170.734
-170.119
-169.63
-169.252
-168.977
-168.797
-168.707
-168.706
-168.792
-168.968
-169.237
-169.604
-170.078
-170.672
-171.402
-172.294
-173.385
-174.732
-176.431
-178.653
-181.765
-186.806
-200.592
-191.364
-184.005
-180.142
-177.547
-175.625
-174.13
-172.933
-171.961
-171.169
-170.526
-170.011
-169.608
-169.308
-169.103
-168.988
-168.961
-169.021
-169.169
-169.407
-169.742
-170.179
-170.731
-171.413
-172.246
-173.264
-174.516
-176.081
-178.099
-180.847
-185.026
-193.599
-196.805
-186.091
-181.493
-178.569
-176.457
-174.834
-173.545
-172.502
-171.651
-170.959
-170.4
-169.959
-169.624
-169.386
-169.241
-169.184
-169.214
-169.332
-169.54
-169.843
-170.247
-170.762
-171.403
-172.189
-173.152
-174.334
-175.807
-177.692
-180.223
-183.947
-190.81
-204.141
-187.7
-182.401
-179.19
-176.915
-175.183
-173.811
-172.702
-171.796
-171.053
-170.448
-169.963
-169.585
-169.305
-169.116
-169.014
-168.997
-169.065
-169.219
-169.462
-169.798
-170.236
-170.786
-171.464
-172.292
-173.302
-174.543
-176.092
-178.087
-180.799
-184.903
-193.18
-197.549
-186.311
-181.617
-178.645
-176.498
-174.847
-173.532
-172.464
-171.588
-170.87
-170.283
-169.813
-169.445
-169.172
-168.987
-168.887
-168.869
-168.932
-169.077
-169.307
-169.625
-170.039
-170.557
-171.193
-171.964
-172.897
-174.031
-175.424
-177.176
-179.468
-182.691
-187.988
-204.198
-191.242
-184.36
-180.641
-178.122
-176.249
-174.79
-173.621
-172.673
-171.9
-171.274
-170.772
-170.381
-170.092
-169.895
-169.788
-169.768
-169.834
-169.986
-170.23
-170.568
-171.01
-171.566
-172.251
-173.088
-174.107
-175.355
-176.905
-178.884
-181.537
-185.444
-192.746
-203.183
-188.851
-183.873
-180.884
-178.817
-177.297
-176.15
-175.283
-174.639
-174.181
-173.886
-173.736
-173.721
-173.834
-174.07
-174.427
-174.904
-175.503
-176.228
-177.083
-178.077
-179.221
-180.53
-182.025
-183.736
-185.707
-188.007
-190.749
-194.148
-198.691
-205.956
-233.675
-207.547
-203.05
-201.035
-200.127
-199.893
-200.142
-200.783
-201.768
-203.083
-204.731
-206.742
-209.176
-212.149
-215.897
-220.981
-229.445
-242.665
-229.008
-225.593
-224.333
-224.129
-224.605
-225.595
-227.018
-228.839
-231.052
-233.686
-236.819
-240.625
-245.531
-252.929
-284.991
-256.713
-252.338
-250.743
-250.524
-251.478
-254.031
-260.445
-267.419
-253.568
-247.966
-244.393
-241.851
-239.985
-238.634
-237.711
-237.172
-236.995
-237.176
-237.729
-238.685
-240.105
-242.098
-244.867
-248.869
-255.504
-283.856
-258.822
-254.445
-253.248
-253.907
-256.545
-263.214
-271.812
-258.228
-253.575
-251.191
-250.09
-249.992
-250.905
-253.131
-257.805
-275.087
-259.731
-253.033
-249.58
-247.519
-246.324
-245.786
-245.815
-246.39
-247.547
-249.397
-252.203
-256.649
-265.649
-269.879
-260.002
-256.604
-255.181
-254.912
-255.547
-257.048
-259.535
-263.374
-269.623
-284.44
-280.322
-278.581
-300
-272.234
-264.6
-260.047
-256.976
-254.864
-253.479
-252.711
-252.526
-252.95
-254.1
-256.269
-260.304
-270.727
-266.959
-258.343
-254.206
-251.634
-249.94
-248.861
-248.283
-248.165
-248.526
-249.45
-251.143
-254.123
-260.238
-274.891
-256.77
-251.102
-247.697
-245.369
-243.727
-242.605
-241.925
-241.657
-241.805
-242.403
-243.523
-245.294
-247.969
-252.093
-259.366
-287.628
-263.462
-263.99
-272.96
-254.013
-246.574
-241.663
-238.04
-235.26
-233.111
-231.485
-230.323
-229.607
-229.353
-229.62
-230.551
-232.478
-236.376
-248.441
-239.562
-231.077
-226.22
-222.614
-219.619
-216.958
-214.492
-212.145
-209.881
-207.689
-205.575
-203.556
-201.652
-199.889
-198.297
-196.909
-195.77
-194.943
-194.527
-194.701
-195.85
-199.079
-212.478
-198.932
-190.073
-184.524
-180.239
-176.65
-173.516
-170.711
-168.16
-165.816
-163.645
-161.623
-159.733
-157.961
-156.296
-154.729
-153.252
-151.859
-150.545
-149.306
-148.136
-147.034
-145.995
-145.017
-144.097
-143.232
-142.421
-141.662
-140.952
-140.291
-139.675
-139.104
-138.576
-138.089
-137.643
-137.235
-136.864
-136.529
-136.229
-135.962
-135.726
-135.521
-135.344
-135.196
-135.073
-134.976
-134.901
-134.849
-134.817
-134.804
-134.809
-134.83
-134.866
-134.916
-134.978
-135.051
-135.134
-135.225
-135.324
-135.43
-135.542
-135.658
-135.779
-135.904
-136.032
-136.163
-136.297
-136.433
-136.571
-136.711
-136.853
-136.997
-137.142
-137.29
-137.439
-137.59
-137.743
-137.898
-138.054
-138.212
-138.371
-138.532
-138.694
-138.857
-139.021
-139.186
-139.351
-139.517
-139.683
-139.849
-140.015
-140.181
-140.347
-140.512
-140.678
-140.843
-141.008
-141.173
-141.338
-141.503
-141.669
-141.835
-142.001
-142.169
-142.337
-142.506
-142.676
-142.848
-143.02
-143.194
-143.369
-143.546
-143.723
-143.901
-144.081
-144.261
-144.441
-144.623
-144.805
-144.987
-145.169
-145.351
-145.533
-145.716
-145.898
-146.08
-146.262
-146.444
-146.625
-146.807
-146.989
-147.172
-147.354
-147.538
-147.722
-147.907
-148.092
-148.279
-148.467
-148.655
-148.845
-149.036
-149.229
-149.422
-149.616
-149.812
-150.008
-150.205
-150.402
-150.6
-150.799
-150.998
-151.197
-151.396
-151.595
-151.795
-151.994
-152.193
-152.393
-152.592
-152.792
-152.992
-153.192
-153.393
-153.594
-153.796
-154
-154.204
-154.409
-154.616
-154.824
-155.033
-155.244
-155.457
-155.67
-155.886
-156.103
-156.321
-156.54
-156.76
-156.982
-157.204
-157.428
-157.652
-157.876
-158.101
-158.327
-158.553
-158.779
-159.006
-159.233
-159.46
-159.688
-159.916
-160.145
-160.375
-160.605
-160.836
-161.069
-161.302
-161.536
-161.772
-162.01
-162.248
-162.488
-162.73
-162.973
-163.218
-163.464
-163.711
-163.959
-164.209
-164.46
-164.712
-164.964
-165.218
-165.472
-165.727
-165.983
-166.239
-166.495
-166.753
-167.011
-167.27
-167.529
-167.789
-168.051
-168.313
-168.577
-168.842
-169.108
-169.376
-169.646
-169.917
-170.191
-170.466
-170.743
-171.023
-171.304
-171.588
-171.873
-172.16
-172.45
-172.741
-173.033
-173.328
-173.624
-173.921
-174.22
-174.519
-174.821
-175.123
-175.426
-175.731
-176.037
-176.344
-176.652
-176.962
-177.273
-177.586
-177.9
-178.216
-178.534
-178.854
-179.176
-179.501
-179.827
-180.156
-180.488
-180.822
-181.158
-181.497
-181.838
-182.182
-182.528
-182.876
-183.226
-183.579
-183.934
-184.291
-184.65
-185.01
-185.373
-185.738
-186.104
-186.472
-186.843
-187.215
-187.59
-187.967
-188.347
-188.729
-189.113
-189.501
-189.891
-190.285
-190.682
-191.082
-191.486
-191.893
-192.304
-192.719
-193.138
-193.56
-193.987
-194.417
-194.851
-195.288
-195.73
-196.175
-196.624
-197.076
-197.532
-197.992
-198.455
-198.921
-199.392
-199.866
-200.343
-200.825
-201.31
-201.8
-202.294
-202.792
-203.295
-203.802
-204.314
-204.832
-205.355
-205.883
-206.417
-206.957
-207.502
-208.054
-208.612
-209.176
-209.746
-210.323
-210.906
-211.496
-212.093
-212.696
-213.305
-213.922
-214.545
-215.176
-215.813
-216.458
-217.11
-217.77
-218.438
-219.114
-219.798
-220.491
-221.193
-221.904
-222.625
-223.356
-224.097
-224.849
-225.613
-226.388
-227.176
-227.975
-228.788
-229.614
-230.453
-231.307
-232.175
-233.058
-233.956
-234.87
-235.801
-236.748
-237.712
-238.694
-239.694
-240.713
-241.752
-242.811
-243.892
-244.994
-246.12
-247.27
-248.445
-249.647
-250.877
-252.136
-253.426
-254.748
-256.105
-257.498
-258.93
-260.401
-261.916
-263.476
-265.084
-266.744
-268.458
-270.231
-272.066
-273.967
-275.941
-277.991
-280.126
-282.35
-284.673
-287.104
-289.652
-292.331
-295.154
-298.137
-300
-300
-300
-300
-300
-300
-300
-300
-300
-300
-300
-300
-300
-300
-300
-300
-300
-300
-300
-300
-300
-300
-300
-300
-300
-300
-300
-300
-300
-300
-300
-300
-300
-298.278
-295.303
-292.488
-289.818
-287.278
-284.855
-282.541
-280.324
-278.198
-276.156
-274.191
-272.298
-270.471
-268.707
-267.001
-265.349
-263.749
-262.197
-260.691
-259.228
-257.805
-256.42
-255.071
-253.757
-252.475
-251.225
-250.003
-248.81
-247.643
-246.501
-245.383
-244.289
-243.217
-242.166
-241.135
-240.124
-239.132
-238.159
-237.203
-236.264
-235.342
-234.437
-233.547
-232.672
-231.812
-230.967
-230.135
-229.318
-228.513
-227.722
-226.943
-226.176
-225.421
-224.677
-223.943
-223.221
-222.508
-221.805
-221.112
-220.427
-219.751
-219.084
-218.424
-217.773
-217.129
-216.492
-215.863
-215.241
-214.626
-214.017
-213.416
-212.821
-212.233
-211.652
-211.077
-210.508
-209.946
-209.39
-208.841
-208.297
-207.76
-207.228
-206.703
-206.183
-205.668
-205.159
-204.655
-204.156
-203.661
-203.171
-202.686
-202.204
-201.727
-201.254
-200.785
-200.319
-199.857
-199.399
-198.944
-198.492
-198.045
-197.601
-197.16
-196.723
-196.29
-195.861
-195.435
-195.013
-194.595
-194.181
-193.771
-193.364
-192.961
-192.562
-192.167
-191.775
-191.386
-191.001
-190.619
-190.239
-189.863
-189.489
-189.118
-188.75
-188.383
-188.019
-187.657
-187.296
-186.938
-186.582
-186.228
-185.875
-185.525
-185.176
-184.83
-184.485
-184.143
-183.803
-183.465
-183.13
-182.797
-182.466
-182.138
-181.813
-181.49
-181.169
-180.85
-180.534
-180.221
-179.909
-179.599
-179.291
-178.985
-178.681
-178.378
-178.077
-177.777
-177.478
-177.18
-176.884
-176.589
-176.295
-176.002
-175.71
-175.42
-175.131
-174.843
-174.557
-174.273
-173.99
-173.709
-173.43
-173.153
-172.878
-172.605
-172.334
-172.065
-171.797
-171.532
-171.269
-171.008
-170.748
-170.49
-170.233
-169.978
-169.724
-169.471
-169.219
-168.968
-168.717
-168.467
-168.218
-167.97
-167.722
-167.475
-167.228
-166.982
-166.737
-166.493
-166.249
-166.007
-165.765
-165.525
-165.286
-165.048
-164.812
-164.577
-164.344
-164.112
-163.882
-163.653
-163.425
-163.199
-162.974
-162.75
-162.527
-162.305
-162.084
-161.863
-161.643
-161.424
-161.205
-160.986
-160.768
-160.55
-160.332
-160.115
-159.898
-159.682
-159.466
-159.251
-159.037
-158.824
-158.611
-158.4
-158.191
-157.982
-157.775
-157.57
-157.365
-157.163
-156.962
-156.762
-156.564
-156.367
-156.171
-155.976
-155.782
-155.589
-155.396
-155.204
-155.013
-154.821
-154.63
-154.439
-154.248
-154.057
-153.866
-153.675
-153.484
-153.294
-153.103
-152.913
-152.723
-152.534
-152.345
-152.157
-151.97
-151.784
-151.599
-151.415
-151.232
-151.051
-150.87
-150.691
-150.512
-150.335
-150.159
-149.983
-149.808
-149.634
-149.459
-149.286
-149.112
-148.939
-148.765
-148.592
-148.418
-148.244
-148.07
-147.896
-147.722
-147.548
-147.374
-147.201
-147.028
-146.855
-146.684
-146.513
-146.343
-146.174
-146.006
-145.839
-145.673
-145.509
-145.346
-145.184
-145.023
-144.863
-144.704
-144.546
-144.388
-144.231
-144.074
-143.917
-143.761
-143.604
-143.447
-143.29
-143.133
-142.976
-142.818
-142.66
-142.502
-142.345
-142.187
-142.03
-141.874
-141.718
-141.563
-141.41
-141.257
-141.106
-140.957
-140.809
-140.662
-140.518
-140.375
-140.234
-140.095
-139.957
-139.822
-139.688
-139.557
-139.427
-139.299
-139.174
-139.052
-138.932
-138.815
-138.702
-138.594
-138.491
-138.393
-138.302
-138.219
-138.145
-138.08
-138.027
-137.985
-137.958
-137.945
-137.948
-137.969
-138.009
-138.07
-138.153
-138.259
-138.39
-138.547
-138.731
-138.945
-139.189
-139.465
-139.773
-140.116
-140.495
-140.912
-141.367
-141.862
-142.398
-142.977
-143.601
-144.271
-144.989
-145.757
-146.576
-147.449
-148.377
-149.364
-150.411
-151.522
-152.7
-153.947
-155.27
-156.671
-158.156
-159.732
-161.405
-163.186
-165.084
-167.114
-169.293
-171.646
-174.205
-177.018
-180.161
-183.758
-188.051
-193.609
-202.476
-216.031
-202.639
-199.419
-198.279
-198.113
-198.537
-199.372
-200.52
-201.916
-203.517
-205.288
-207.2
-209.228
-211.35
-213.55
-215.823
-218.178
-220.653
-223.321
-226.325
-229.94
-234.805
-243.298
-252.185
-240.129
-236.239
-234.321
-233.398
-233.139
-233.402
-234.126
-235.296
-236.931
-239.088
-241.877
-245.508
-250.427
-257.875
-276.83
-267.868
-267.349
-291.523
-263.269
-256.005
-251.889
-249.223
-247.459
-246.349
-245.759
-245.619
-245.895
-246.584
-247.714
-249.364
-251.701
-255.114
-260.79
-278.919
-264.275
-258.168
-255.196
-253.512
-252.597
-252.244
-252.37
-252.957
-254.044
-255.746
-258.327
-262.472
-271.096
-274.873
-264.458
-260.431
-258.271
-257.129
-256.713
-256.907
-257.683
-259.077
-261.197
-264.276
-268.838
-276.48
-300
-282.844
-284.594
-288.719
-273.911
-267.671
-263.84
-261.361
-259.869
-259.242
-259.52
-260.951
-264.357
-274.243
-270.021
-261.029
-256.592
-253.794
-251.952
-250.804
-250.237
-250.217
-250.763
-251.966
-254.036
-257.497
-264.203
-279.568
-262.295
-257.628
-255.411
-254.507
-254.612
-255.723
-258.114
-262.776
-276.368
-267.778
-261.118
-258.488
-257.838
-259.043
-263.428
-288.471
-260.128
-253.501
-249.507
-246.746
-244.762
-243.35
-242.402
-241.858
-241.685
-241.871
-242.418
-243.349
-244.709
-246.583
-249.134
-252.715
-258.325
-272.186
-265.22
-258.814
-256.269
-255.324
-255.551
-257.154
-261.538
-289.824
-257.771
-250.381
-245.483
-241.686
-238.561
-235.935
-233.731
-231.919
-230.504
-229.522
-229.054
-229.268
-230.535
-233.959
-247.624
-234.412
-225.957
-220.881
-217.142
-214.177
-211.751
-209.749
-208.109
-206.803
-205.826
-205.194
-204.953
-205.196
-206.112
-208.135
-212.641
-238.777
-211.066
-203.81
-199.276
-195.885
-193.151
-190.86
-188.897
-187.194
-185.708
-184.407
-183.272
-182.286
-181.439
-180.723
-180.133
-179.664
-179.316
-179.088
-178.984
-179.007
-179.165
-179.469
-179.935
-180.588
-181.463
-182.618
-184.146
-186.222
-189.219
-194.206
-208.547
-198.118
-190.824
-186.925
-184.281
-182.311
-180.769
-179.529
-178.519
-177.691
-177.014
-176.466
-176.033
-175.703
-175.468
-175.323
-175.266
-175.295
-175.411
-175.615
-175.913
-176.312
-176.822
-177.458
-178.239
-179.195
-180.372
-181.84
-183.721
-186.249
-189.976
-196.867
-209.832
-193.629
-188.341
-185.126
-182.843
-181.1
-179.715
-178.59
-177.665
-176.902
-176.275
-175.765
-175.36
-175.05
-174.828
-174.692
-174.637
-174.664
-174.773
-174.966
-175.247
-175.623
-176.103
-176.697
-177.425
-178.309
-179.385
-180.709
-182.368
-184.523
-187.504
-192.206
-203.453
-199.092
-190.823
-186.728
-184.024
-182.038
-180.497
-179.265
-178.264
-177.444
-176.774
-176.233
-175.803
-175.475
-175.241
-175.096
-175.036
-175.062
-175.172
-175.369
-175.658
-176.045
-176.538
-177.151
-177.903
-178.818
-179.935
-181.315
-183.056
-185.339
-188.559
-193.866
-210.316
-196.993
-190.139
-186.423
-183.901
-182.025
-180.56
-179.386
-178.432
-177.654
-177.021
-176.515
-176.119
-175.825
-175.625
-175.516
-175.494
-175.559
-175.714
-175.96
-176.304
-176.753
-177.32
-178.021
-178.88
-179.931
-181.229
-182.86
-184.981
-187.914
-192.52
-203.243
-200.046
-191.481
-187.311
-184.571
-182.562
-181.005
-179.762
-178.752
-177.927
-177.254
-176.71
-176.281
-175.956
-175.726
-175.586
-175.535
-175.57
-175.693
-175.907
-176.216
-176.627
-177.151
-177.803
-178.603
-179.583
-180.788
-182.293
-184.223
-186.826
-190.698
-198.065
-207.302
-193.524
-188.492
-185.388
-183.175
-181.485
-180.146
-179.064
-178.18
-177.458
-176.873
-176.408
-176.049
-175.789
-175.621
-175.543
-175.553
-175.651
-175.84
-176.124
-176.51
-177.008
-177.632
-178.402
-179.348
-180.515
-181.972
-183.839
-186.349
-190.042
-196.827
-210.861
-193.903
-188.553
-185.316
-183.02
-181.27
-179.882
-178.755
-177.83
-177.068
-176.443
-175.937
-175.536
-175.231
-175.016
-174.886
-174.839
-174.874
-174.992
-175.196
-175.489
-175.878
-176.372
-176.983
-177.73
-178.638
-179.745
-181.108
-182.824
-185.066
-188.205
-193.3
-207.49
-197.614
-190.357
-186.527
-183.951
-182.042
-180.557
-179.369
-178.404
-177.619
-176.981
-176.47
-176.072
-175.776
-175.576
-175.467
-175.446
-175.514
-175.671
-175.921
-176.27
-176.727
-177.303
-178.015
-178.89
-179.964
-181.294
-182.974
-185.176
-188.265
-193.27
-206.86
-197.925
-190.505
-186.613
-183.995
-182.053
-180.537
-179.32
-178.328
-177.514
-176.848
-176.309
-175.881
-175.555
-175.322
-175.179
-175.121
-175.148
-175.26
-175.46
-175.753
-176.144
-176.643
-177.264
-178.025
-178.954
-180.091
-181.5
-183.287
-185.65
-189.03
-194.796
-221.044
-195.693
-189.49
-185.97
-183.541
-181.718
-180.288
-179.138
-178.202
-177.438
-176.818
-176.322
-175.936
-175.652
-175.462
-175.362
-175.351
-175.429
-175.596
-175.858
-176.22
-176.691
-177.285
-178.021
-178.926
-180.04
-181.426
-183.193
-185.539
-188.912
-194.707
-223.484
-195.314
-189.146
-185.618
-183.169
-181.322
-179.864
-178.683
-177.715
-176.916
-176.258
-175.721
-175.292
-174.959
-174.717
-174.56
-174.485
-174.491
-174.578
-174.747
-175.003
-175.349
-175.794
-176.349
-177.028
-177.852
-178.851
-180.072
-181.585
-183.514
-186.099
-189.906
-196.986
-208.572
-193.358
-188.191
-185.045
-182.817
-181.123
-179.786
-178.708
-177.831
-177.117
-176.54
-176.083
-175.733
-175.482
-175.323
-175.253
-175.27
-175.375
-175.57
-175.858
-176.246
-176.744
-177.366
-178.129
-179.062
-180.207
-181.628
-183.434
-185.831
-189.281
-195.259
-300
-195.263
-189.289
-185.843
-183.45
-181.648
-180.231
-179.09
-178.161
-177.401
-176.784
-176.29
-175.906
-175.621
-175.431
-175.33
-175.316
-175.39
-175.553
-175.809
-176.162
-176.623
-177.204
-177.922
-178.803
-179.885
-181.226
-182.924
-185.157
-188.306
-193.477
-208.695
-197.113
-190.038
-186.235
-183.653
-181.728
-180.219
-179.002
-178.007
-177.187
-176.512
-175.961
-175.52
-175.178
-174.926
-174.761
-174.678
-174.676
-174.755
-174.916
-175.162
-175.498
-175.932
-176.472
-177.135
-177.938
-178.91
-180.094
-181.556
-183.408
-185.86
-189.392
-195.565
-223.738
-194.965
-189.174
-185.806
-183.463
-181.701
-180.318
-179.208
-178.307
-177.576
-176.985
-176.518
-176.16
-175.902
-175.739
-175.665
-175.68
-175.784
-175.978
-176.266
-176.656
-177.156
-177.78
-178.548
-179.488
-180.641
-182.076
-183.903
-186.335
-189.859
-196.067
-221.422
-195.178
-189.415
-186.04
-183.681
-181.898
-180.493
-179.36
-178.435
-177.677
-177.061
-176.565
-176.178
-175.89
-175.694
-175.585
-175.562
-175.624
-175.772
-176.008
-176.339
-176.77
-177.313
-177.983
-178.801
-179.797
-181.018
-182.538
-184.484
-187.106
-191.002
-198.426
-207.365
-193.779
-188.778
-185.693
-183.495
-181.818
-180.493
-179.423
-178.552
-177.843
-177.271
-176.819
-176.474
-176.228
-176.075
-176.011
-176.036
-176.149
-176.353
-176.653
-177.055
-177.569
-178.211
-179.001
-179.969
-181.161
-182.651
-184.563
-187.143
-190.977
-198.238
-208.118
-193.932
-188.841
-185.706
-183.468
-181.757
-180.397
-179.295
-178.39
-177.647
-177.04
-176.55
-176.165
-175.876
-175.676
-175.562
-175.531
-175.582
-175.716
-175.935
-176.244
-176.649
-177.159
-177.788
-178.554
-179.483
-180.614
-182.006
-183.76
-186.059
-189.301
-194.655
-211.616
-197.587
-190.806
-187.116
-184.611
-182.747
-181.294
-180.132
-179.19
-178.423
-177.803
-177.309
-176.928
-176.648
-176.463
-176.368
-176.363
-176.445
-176.616
-176.88
-177.243
-177.713
-178.302
-179.027
-179.915
-181.001
-182.344
-184.038
-186.255
-189.363
-194.399
-208.181
-198.949
-191.585
-187.717
-185.118
-183.192
-181.691
-180.49
-179.514
-178.718
-178.07
-177.55
-177.143
-176.838
-176.628
-176.509
-176.478
-176.533
-176.676
-176.91
-177.24
-177.673
-178.221
-178.898
-179.727
-180.74
-181.988
-183.548
-185.561
-188.305
-192.48
-201.048
-204.25
-193.531
-188.929
-186
-183.883
-182.256
-180.962
-179.914
-179.06
-178.363
-177.8
-177.354
-177.014
-176.772
-176.622
-176.56
-176.586
-176.7
-176.903
-177.201
-177.601
-178.112
-178.748
-179.53
-180.488
-181.666
-183.135
-185.015
-187.541
-191.261
-198.12
-211.446
-195
-189.697
-186.481
-184.202
-182.465
-181.089
-179.976
-179.065
-178.317
-177.708
-177.219
-176.836
-176.551
-176.358
-176.252
-176.231
-176.294
-176.443
-176.681
-177.013
-177.447
-177.992
-178.666
-179.49
-180.495
-181.731
-183.276
-185.266
-187.974
-192.073
-200.346
-204.711
-193.468
-188.77
-185.793
-183.642
-181.987
-180.667
-179.595
-178.714
-177.991
-177.4
-176.925
-176.553
-176.276
-176.087
-175.982
-175.959
-176.018
-176.158
-176.383
-176.697
-177.107
-177.621
-178.252
-179.019
-179.947
-181.076
-182.465
-184.213
-186.5
-189.719
-195.011
-211.217
-198.256
-191.37
-187.647
-185.123
-183.246
-181.782
-180.609
-179.656
-178.879
-178.248
-177.742
-177.347
-177.053
-176.852
-176.741
-176.716
-176.777
-176.925
-177.164
-177.498
-177.936
-178.487
-179.168
-180
-181.015
-182.258
-183.804
-185.779
-188.427
-192.33
-199.627
-210.06
-195.723
-190.741
-187.748
-185.676
-184.151
-183.001
-182.129
-181.48
-181.018
-180.718
-180.564
-180.545
-180.654
-180.885
-181.238
-181.71
-182.305
-183.025
-183.876
-184.865
-186.005
-187.309
-188.8
-190.507
-192.473
-194.768
-197.506
-200.901
-205.439
-212.7
-240.415
-214.282
-209.78
-207.761
-206.85
-206.61
-206.855
-207.491
-208.473
-209.783
-211.427
-213.433
-215.863
-218.832
-222.575
-227.655
-236.114
-249.329
-235.668
-232.249
-230.985
-230.776
-231.247
-232.233
-233.652
-235.468
-237.677
-240.307
-243.435
-247.237
-252.138
-259.533
-291.59
-263.308
-258.928
-257.329
-257.106
-258.055
-260.603
-267.013
-273.983
-260.127
-254.521
-250.943
-248.397
-246.527
-245.171
-244.244
-243.7
-243.519
-243.696
-244.244
-245.196
-246.612
-248.6
-251.365
-255.363
-261.993
-290.341
-265.302
-260.921
-259.719
-260.374
-263.008
-269.672
-278.266
-264.677
-260.02
-257.632
-256.526
-256.425
-257.333
-259.554
-264.224
-281.502
-266.141
-259.439
-255.982
-253.916
-252.717
-252.175
-252.199
-252.77
-253.922
-255.768
-258.57
-263.011
-272.007
-276.233
-266.351
-262.949
-261.522
-261.249
-261.879
-263.375
-265.858
-269.693
-275.937
-290.75
-286.628
-284.882
-300
-278.526
-270.888
-266.331
-263.256
-261.139
-259.749
-258.978
-258.788
-259.208
-260.353
-262.518
-266.549
-276.967
-273.195
-264.575
-260.433
-257.857
-256.158
-255.075
-254.492
-254.371
-254.727
-255.647
-257.335
-260.311
-266.422
-281.07
-262.945
-257.273
-253.863
-251.531
-249.885
-248.759
-248.074
-247.802
-247.946
-248.539
-249.654
-251.422
-254.092
-258.212
-265.48
-293.738
-269.568
-270.091
-279.057
-260.106
-252.662
-247.747
-244.12
-241.335
-239.182
-237.551
-236.386
-235.665
-235.407
-235.67
-236.596
-238.519
-242.413
-254.473
-245.589
-237.101
-232.239
-228.629
-225.629
-222.964
-220.494
-218.143
-215.874
-213.678
-211.56
-209.536
-207.628
-205.861
-204.264
-202.872
-201.728
-200.897
-200.477
-200.647
-201.791
-205.016
-218.411
-204.86
-195.997
-190.444
-186.154
-182.561
-179.423
-176.613
-174.058
-171.71
-169.534
-167.509
-165.614
-163.838
-162.168
-160.597
-159.115
-157.718
-156.4
-155.156
-153.983
-152.876
-151.833
-150.85
-149.926
-149.057
-148.242
-147.478
-146.765
-146.098
-145.479
-144.903
-144.371
-143.88
-143.429
-143.017
-142.642
-142.303
-141.998
-141.726
-141.486
-141.277
-141.096
-140.943
-140.817
-140.715
-140.636
-140.579
-140.543
-140.526
-140.527
-140.543
-140.575
-140.621
-140.678
-140.747
-140.825
-140.913
-141.007
-141.109
-141.216
-141.329
-141.446
-141.566
-141.69
-141.817
-141.946
-142.078
-142.211
-142.347
-142.485
-142.624
-142.766
-142.909
-143.054
-143.201
-143.349
-143.5
-143.652
-143.805
-143.96
-144.117
-144.275
-144.434
-144.593
-144.754
-144.915
-145.076
-145.238
-145.4
-145.562
-145.723
-145.885
-146.046
-146.207
-146.368
-146.529
-146.689
-146.85
-147.011
-147.172
-147.334
-147.496
-147.659
-147.823
-147.988
-148.154
-148.322
-148.49
-148.66
-148.83
-149.002
-149.175
-149.35
-149.525
-149.7
-149.877
-150.054
-150.232
-150.409
-150.587
-150.765
-150.943
-151.121
-151.299
-151.477
-151.655
-151.832
-152.01
-152.187
-152.365
-152.543
-152.722
-152.901
-153.081
-153.261
-153.443
-153.625
-153.808
-153.993
-154.179
-154.365
-154.553
-154.743
-154.933
-155.124
-155.316
-155.508
-155.702
-155.896
-156.09
-156.285
-156.479
-156.674
-156.869
-157.064
-157.259
-157.454
-157.65
-157.845
-158.04
-158.236
-158.432
-158.628
-158.826
-159.024
-159.223
-159.423
-159.624
-159.826
-160.03
-160.235
-160.442
-160.65
-160.86
-161.071
-161.283
-161.497
-161.712
-161.928
-162.146
-162.364
-162.583
-162.803
-163.023
-163.244
-163.465
-163.687
-163.909
-164.132
-164.354
-164.577
-164.801
-165.025
-165.25
-165.475
-165.701
-165.928
-166.156
-166.385
-166.616
-166.847
-167.08
-167.315
-167.551
-167.788
-168.027
-168.267
-168.509
-168.752
-168.996
-169.242
-169.488
-169.736
-169.984
-170.234
-170.484
-170.734
-170.986
-171.238
-171.49
-171.743
-171.997
-172.252
-172.507
-172.763
-173.02
-173.278
-173.538
-173.798
-174.061
-174.324
-174.59
-174.857
-175.126
-175.398
-175.671
-175.946
-176.223
-176.502
-176.784
-177.067
-177.352
-177.639
-177.927
-178.217
-178.509
-178.802
-179.096
-179.392
-179.689
-179.987
-180.286
-180.587
-180.888
-181.191
-181.495
-181.801
-182.108
-182.416
-182.726
-183.038
-183.352
-183.668
-183.986
-184.306
-184.629
-184.953
-185.281
-185.61
-185.942
-186.277
-186.614
-186.954
-187.295
-187.639
-187.986
-188.334
-188.685
-189.038
-189.392
-189.749
-190.107
-190.468
-190.83
-191.194
-191.56
-191.929
-192.299
-192.672
-193.047
-193.425
-193.806
-194.189
-194.575
-194.965
-195.357
-195.753
-196.153
-196.556
-196.963
-197.374
-197.788
-198.206
-198.629
-199.055
-199.484
-199.918
-200.355
-200.796
-201.241
-201.689
-202.141
-202.596
-203.055
-203.517
-203.983
-204.453
-204.927
-205.404
-205.885
-206.371
-206.86
-207.354
-207.853
-208.356
-208.865
-209.378
-209.897
-210.421
-210.951
-211.486
-212.027
-212.575
-213.129
-213.689
-214.255
-214.827
-215.406
-215.992
-216.584
-217.183
-217.789
-218.401
-219.02
-219.647
-220.28
-220.921
-221.569
-222.224
-222.888
-223.56
-224.24
-224.928
-225.626
-226.333
-227.05
-227.777
-228.514
-229.262
-230.021
-230.792
-231.576
-232.371
-233.18
-234.001
-234.837
-235.686
-236.55
-237.429
-238.323
-239.233
-240.159
-241.102
-242.062
-243.04
-244.036
-245.051
-246.085
-247.14
-248.217
-249.315
-250.437
-251.583
-252.754
-253.952
-255.177
-256.432
-257.718
-259.036
-260.389
-261.778
-263.205
-264.673
-266.183
-267.739
-269.343
-270.999
-272.709
-274.477
-276.308
-278.206
-280.175
-282.221
-284.351
-286.572
-288.89
-291.317
-293.861
-296.536
-299.354
-300
-300
-300
-300
-300
-300
-300
-300
-300
-300
-300
-300
-300
-300
-300
-300
-300
